1  385 600 6.21579e+02 213.81201
2  385 600 6.21579e+02 163.21167
3  385 600 6.21579e+02 113.42298
4  385 600 6.21579e+02 73.09371
5  385 600 6.21579e+02 58.21802
6  385 600 6.21579e+02 48.72633
7  385 600 6.21579e+02 41.30302
8  385 600 6.21579e+02 36.36747
9  385 600 6.21579e+02 31.93397
10  385 600 6.21579e+02 29.20823
11  385 600 6.21579e+02 26.07169
12  385 600 6.21579e+02 24.82964
13  385 600 6.21579e+02 22.23793
14  385 600 6.21579e+02 20.93352
15  385 600 6.21579e+02 19.20973
16  385 600 6.21579e+02 18.82814
17  385 600 6.21579e+02 17.02087
18  385 600 6.21579e+02 16.58216
19  385 600 6.21579e+02 15.67368
20  385 600 6.21579e+02 15.11831
21  385 600 6.21579e+02 14.52412
22  385 600 6.21579e+02 13.76338
23  385 600 6.21579e+02 13.15816
24  385 600 6.21579e+02 13.17323
