1  55 200000 0.00000e+00 86.25425
2  55 200000 0.00000e+00 66.21665
3  55 200000 0.00000e+00 50.15097
4  55 200000 0.00000e+00 40.26375
5  55 200000 0.00000e+00 35.23170
6  55 200000 0.00000e+00 26.35748
7  55 200000 0.00000e+00 25.60621
8  55 200000 0.00000e+00 21.45524
9  55 200000 0.00000e+00 21.23126
10  55 200000 0.00000e+00 18.99263
11  55 200000 0.00000e+00 18.37992
12  55 200000 0.00000e+00 15.75620
13  55 200000 0.00000e+00 14.91626
14  55 200000 0.00000e+00 12.97932
15  55 200000 0.00000e+00 13.64738
16  55 200000 0.00000e+00 10.58829
17  55 200000 0.00000e+00 11.58678
18  55 200000 0.00000e+00 10.72826
19  55 200000 0.00000e+00 10.26748
20  55 200000 0.00000e+00 10.81586
21  55 200000 0.00000e+00 10.46497
22  55 200000 0.00000e+00 11.47506
23  55 200000 0.00000e+00 10.64657
24  55 200000 0.00000e+00 9.71384
