1  165 8000 6.56682e-01 107.94647
2  165 8000 6.56682e-01 76.27141
3  165 8000 6.56682e-01 54.95075
4  165 8000 6.56682e-01 42.53340
5  165 8000 6.56682e-01 36.60647
6  165 8000 6.56682e-01 29.65677
7  165 8000 6.56682e-01 29.04826
8  165 8000 6.56682e-01 24.33272
9  165 8000 6.56682e-01 22.38718
10  165 8000 6.56682e-01 21.74889
11  165 8000 6.56682e-01 21.46035
12  165 8000 6.56682e-01 19.39797
13  165 8000 6.56682e-01 20.09662
14  165 8000 6.56682e-01 18.82421
15  165 8000 6.56682e-01 21.33976
16  165 8000 6.56682e-01 18.15775
17  165 8000 6.56682e-01 17.18640
18  165 8000 6.56682e-01 17.73354
19  165 8000 6.56682e-01 15.26134
20  165 8000 6.56682e-01 14.70761
21  165 8000 6.56682e-01 15.21359
22  165 8000 6.56682e-01 15.43429
23  165 8000 6.56682e-01 15.77992
24  165 8000 6.56682e-01 12.80145
