1  275 1500 5.40046e+01 90.68946
2  275 1500 5.40046e+01 62.98133
3  275 1500 5.40046e+01 47.09385
4  275 1500 5.40046e+01 34.01566
5  275 1500 5.40046e+01 28.60344
6  275 1500 5.40046e+01 23.48298
7  275 1500 5.40046e+01 21.87843
8  275 1500 5.40046e+01 19.30597
9  275 1500 5.40046e+01 19.70197
10  275 1500 5.40046e+01 19.14118
11  275 1500 5.40046e+01 14.78378
12  275 1500 5.40046e+01 16.70110
13  275 1500 5.40046e+01 13.43581
14  275 1500 5.40046e+01 14.75147
15  275 1500 5.40046e+01 14.26128
16  275 1500 5.40046e+01 11.59554
17  275 1500 5.40046e+01 12.05762
18  275 1500 5.40046e+01 10.95897
19  275 1500 5.40046e+01 11.19461
20  275 1500 5.40046e+01 10.52091
21  275 1500 5.40046e+01 10.43673
22  275 1500 5.40046e+01 10.48288
23  275 1500 5.40046e+01 10.50239
24  275 1500 5.40046e+01 10.22959
