1  165 8000 1.48242e-01 236.34249
2  165 8000 1.48242e-01 237.92186
3  165 8000 1.48242e-01 119.14252
4  165 8000 1.48242e-01 80.96244
5  165 8000 1.48242e-01 63.80260
6  165 8000 1.48242e-01 52.37689
7  165 8000 1.48242e-01 44.96225
8  165 8000 1.48242e-01 39.00178
9  165 8000 1.48242e-01 35.94548
10  165 8000 1.48242e-01 32.24843
11  165 8000 1.48242e-01 29.01665
12  165 8000 1.48242e-01 26.53058
13  165 8000 1.48242e-01 23.79540
14  165 8000 1.48242e-01 23.25406
15  165 8000 1.48242e-01 21.77068
16  165 8000 1.48242e-01 20.67422
17  165 8000 1.48242e-01 19.31089
18  165 8000 1.48242e-01 18.86189
19  165 8000 1.48242e-01 17.91018
20  165 8000 1.48242e-01 17.01583
21  165 8000 1.48242e-01 15.51733
22  165 8000 1.48242e-01 15.49149
23  165 8000 1.48242e-01 14.32486
24  165 8000 1.48242e-01 14.07245
