1  385 600 6.21579e+02 213.60785
2  385 600 6.21579e+02 157.15577
3  385 600 6.21579e+02 112.88424
4  385 600 6.21579e+02 72.90259
5  385 600 6.21579e+02 59.14855
6  385 600 6.21579e+02 48.66549
7  385 600 6.21579e+02 41.49966
8  385 600 6.21579e+02 37.13515
9  385 600 6.21579e+02 31.75022
10  385 600 6.21579e+02 29.43132
11  385 600 6.21579e+02 26.30369
12  385 600 6.21579e+02 24.80247
13  385 600 6.21579e+02 22.42679
14  385 600 6.21579e+02 21.26336
15  385 600 6.21579e+02 19.62985
16  385 600 6.21579e+02 18.88984
17  385 600 6.21579e+02 17.21447
18  385 600 6.21579e+02 16.54225
19  385 600 6.21579e+02 15.45352
20  385 600 6.21579e+02 15.03734
21  385 600 6.21579e+02 14.26989
22  385 600 6.21579e+02 13.79779
23  385 600 6.21579e+02 13.15569
24  385 600 6.21579e+02 13.07515
