1  275 1500 7.18604e+01 197.20931
2  275 1500 7.18604e+01 138.61024
3  275 1500 7.18604e+01 114.71235
4  275 1500 7.18604e+01 64.15589
5  275 1500 7.18604e+01 52.92341
6  275 1500 7.18604e+01 43.38288
7  275 1500 7.18604e+01 36.81330
8  275 1500 7.18604e+01 32.88663
9  275 1500 7.18604e+01 29.41989
10  275 1500 7.18604e+01 26.44344
11  275 1500 7.18604e+01 24.00663
12  275 1500 7.18604e+01 22.09504
13  275 1500 7.18604e+01 20.28687
14  275 1500 7.18604e+01 19.46460
15  275 1500 7.18604e+01 17.56615
16  275 1500 7.18604e+01 17.38256
17  275 1500 7.18604e+01 16.15538
18  275 1500 7.18604e+01 15.66567
19  275 1500 7.18604e+01 14.34097
20  275 1500 7.18604e+01 14.52180
21  275 1500 7.18604e+01 13.46170
22  275 1500 7.18604e+01 13.00521
23  275 1500 7.18604e+01 12.33928
24  275 1500 7.18604e+01 12.16411
