1  495 10 3.61516e+05 37.97149
2  495 10 3.61516e+05 19.48545
3  495 10 3.61516e+05 12.98648
4  495 10 3.61516e+05 9.77158
5  495 10 3.61516e+05 7.83793
6  495 10 3.61516e+05 6.56395
7  495 10 3.61516e+05 5.56194
8  495 10 3.61516e+05 4.87830
9  495 10 3.61516e+05 4.34127
10  495 10 3.61516e+05 3.94010
11  495 10 3.61516e+05 3.53918
12  495 10 3.61516e+05 3.32682
13  495 10 3.61516e+05 3.12057
14  495 10 3.61516e+05 2.86189
15  495 10 3.61516e+05 2.61516
16  495 10 3.61516e+05 2.46516
17  495 10 3.61516e+05 2.33267
18  495 10 3.61516e+05 2.24456
19  495 10 3.61516e+05 2.23074
20  495 10 3.61516e+05 1.98685
21  495 10 3.61516e+05 1.98557
22  495 10 3.61516e+05 1.96429
23  495 10 3.61516e+05 1.94608
24  495 10 3.61516e+05 1.88401
