1  385 600 4.48099e+02 101.21715
2  385 600 4.48099e+02 69.40676
3  385 600 4.48099e+02 46.92864
4  385 600 4.48099e+02 37.20194
5  385 600 4.48099e+02 32.36635
6  385 600 4.48099e+02 26.66476
7  385 600 4.48099e+02 24.47237
8  385 600 4.48099e+02 22.79332
9  385 600 4.48099e+02 22.11505
10  385 600 4.48099e+02 20.78681
11  385 600 4.48099e+02 20.94280
12  385 600 4.48099e+02 20.31394
13  385 600 4.48099e+02 18.01092
14  385 600 4.48099e+02 18.31946
15  385 600 4.48099e+02 17.38147
16  385 600 4.48099e+02 18.20814
17  385 600 4.48099e+02 16.38265
18  385 600 4.48099e+02 17.83349
19  385 600 4.48099e+02 16.60354
20  385 600 4.48099e+02 17.65494
21  385 600 4.48099e+02 16.37152
22  385 600 4.48099e+02 15.66769
23  385 600 4.48099e+02 15.92236
24  385 600 4.48099e+02 15.78649
