1  55 3709 9.96859e-09 4.70115
2  55 3709 9.96859e-09 4.85975
3  55 3709 9.96859e-09 3.52359
4  55 3709 9.96859e-09 2.52330
5  55 3709 9.96859e-09 1.98038
6  55 3709 9.96859e-09 1.67851
7  55 3709 9.96859e-09 1.55613
8  55 3709 9.96859e-09 1.31136
9  55 3709 9.96859e-09 1.15326
10  55 3709 9.96859e-09 1.04270
11  55 3709 9.96859e-09 0.94590
12  55 3709 9.96859e-09 0.91902
13  55 3709 9.96859e-09 1.00978
14  55 3709 9.96859e-09 1.01125
15  55 3709 9.96859e-09 0.99000
16  55 3709 9.96859e-09 0.97349
17  55 3709 9.96859e-09 0.91792
18  55 3709 9.96859e-09 1.01755
19  55 3709 9.96859e-09 1.01970
20  55 3709 9.96859e-09 0.93842
21  55 3709 9.96859e-09 0.92564
22  55 3709 9.96859e-09 0.85226
23  55 3709 9.96859e-09 0.94364
24  55 3709 9.96859e-09 0.98434
