1  385 600 4.48099e+02 100.87556
2  385 600 4.48099e+02 73.45214
3  385 600 4.48099e+02 54.40685
4  385 600 4.48099e+02 37.67069
5  385 600 4.48099e+02 35.60722
6  385 600 4.48099e+02 31.12043
7  385 600 4.48099e+02 29.88720
8  385 600 4.48099e+02 27.06499
9  385 600 4.48099e+02 22.64987
10  385 600 4.48099e+02 21.69761
11  385 600 4.48099e+02 22.27305
12  385 600 4.48099e+02 17.79913
13  385 600 4.48099e+02 16.73950
14  385 600 4.48099e+02 17.09773
15  385 600 4.48099e+02 16.21663
16  385 600 4.48099e+02 18.28949
17  385 600 4.48099e+02 14.84720
18  385 600 4.48099e+02 16.44293
19  385 600 4.48099e+02 14.06916
20  385 600 4.48099e+02 17.43638
21  385 600 4.48099e+02 17.83153
22  385 600 4.48099e+02 18.32933
23  385 600 4.48099e+02 18.36407
24  385 600 4.48099e+02 19.62719
