1  165 8000 6.56682e-01 108.37943
2  165 8000 6.56682e-01 77.21457
3  165 8000 6.56682e-01 54.85050
4  165 8000 6.56682e-01 44.17383
5  165 8000 6.56682e-01 35.54643
6  165 8000 6.56682e-01 34.48616
7  165 8000 6.56682e-01 26.12422
8  165 8000 6.56682e-01 25.32611
9  165 8000 6.56682e-01 28.40475
10  165 8000 6.56682e-01 22.56197
11  165 8000 6.56682e-01 28.97084
12  165 8000 6.56682e-01 25.23203
13  165 8000 6.56682e-01 27.01622
14  165 8000 6.56682e-01 27.28990
15  165 8000 6.56682e-01 25.72969
16  165 8000 6.56682e-01 24.90478
17  165 8000 6.56682e-01 22.60763
18  165 8000 6.56682e-01 25.39516
19  165 8000 6.56682e-01 21.62995
20  165 8000 6.56682e-01 26.26791
21  165 8000 6.56682e-01 24.35893
22  165 8000 6.56682e-01 24.08736
23  165 8000 6.56682e-01 24.06054
24  165 8000 6.56682e-01 23.70341
