1  275 1500 7.18604e+01 197.54286
2  275 1500 7.18604e+01 164.06277
3  275 1500 7.18604e+01 115.13252
4  275 1500 7.18604e+01 65.46596
5  275 1500 7.18604e+01 55.11310
6  275 1500 7.18604e+01 43.37786
7  275 1500 7.18604e+01 44.74876
8  275 1500 7.18604e+01 33.23158
9  275 1500 7.18604e+01 33.49473
10  275 1500 7.18604e+01 26.56703
11  275 1500 7.18604e+01 24.18020
12  275 1500 7.18604e+01 22.30783
13  275 1500 7.18604e+01 26.13762
14  275 1500 7.18604e+01 23.13088
15  275 1500 7.18604e+01 22.81699
16  275 1500 7.18604e+01 22.06691
17  275 1500 7.18604e+01 22.44990
18  275 1500 7.18604e+01 22.03987
19  275 1500 7.18604e+01 21.92586
20  275 1500 7.18604e+01 22.29227
21  275 1500 7.18604e+01 15.81734
22  275 1500 7.18604e+01 17.00982
23  275 1500 7.18604e+01 16.77855
24  275 1500 7.18604e+01 19.62662
