1  55 200000 0.00000e+00 84.57698
2  55 200000 0.00000e+00 66.04942
3  55 200000 0.00000e+00 51.92134
4  55 200000 0.00000e+00 42.16409
5  55 200000 0.00000e+00 32.82178
6  55 200000 0.00000e+00 24.41981
7  55 200000 0.00000e+00 22.98679
8  55 200000 0.00000e+00 19.80455
9  55 200000 0.00000e+00 20.53615
10  55 200000 0.00000e+00 21.59235
11  55 200000 0.00000e+00 16.12373
12  55 200000 0.00000e+00 17.97568
13  55 200000 0.00000e+00 15.13378
14  55 200000 0.00000e+00 14.66721
15  55 200000 0.00000e+00 17.29204
16  55 200000 0.00000e+00 13.46745
17  55 200000 0.00000e+00 19.04739
18  55 200000 0.00000e+00 15.53535
19  55 200000 0.00000e+00 14.96795
20  55 200000 0.00000e+00 16.71312
21  55 200000 0.00000e+00 12.43898
22  55 200000 0.00000e+00 15.03666
23  55 200000 0.00000e+00 15.19823
24  55 200000 0.00000e+00 15.07946
