1  55 200000 0.00000e+00 86.41193
2  55 200000 0.00000e+00 44.22892
3  55 200000 0.00000e+00 30.61544
4  55 200000 0.00000e+00 22.59582
5  55 200000 0.00000e+00 18.54980
6  55 200000 0.00000e+00 16.23293
7  55 200000 0.00000e+00 13.64904
8  55 200000 0.00000e+00 12.30467
9  55 200000 0.00000e+00 12.38549
10  55 200000 0.00000e+00 10.77613
11  55 200000 0.00000e+00 9.66804
12  55 200000 0.00000e+00 9.16634
13  55 200000 0.00000e+00 10.21880
14  55 200000 0.00000e+00 8.54561
15  55 200000 0.00000e+00 8.51129
16  55 200000 0.00000e+00 8.10225
17  55 200000 0.00000e+00 8.40211
18  55 200000 0.00000e+00 8.54785
19  55 200000 0.00000e+00 7.38589
20  55 200000 0.00000e+00 10.17815
21  55 200000 0.00000e+00 8.02674
22  55 200000 0.00000e+00 8.02568
23  55 200000 0.00000e+00 11.14676
24  55 200000 0.00000e+00 7.90861
