1  275 1500 5.40046e+01 89.70534
2  275 1500 5.40046e+01 63.64869
3  275 1500 5.40046e+01 42.88958
4  275 1500 5.40046e+01 34.60519
5  275 1500 5.40046e+01 28.46521
6  275 1500 5.40046e+01 24.81005
7  275 1500 5.40046e+01 23.01030
8  275 1500 5.40046e+01 20.18152
9  275 1500 5.40046e+01 20.32654
10  275 1500 5.40046e+01 19.09092
11  275 1500 5.40046e+01 19.67724
12  275 1500 5.40046e+01 17.84424
13  275 1500 5.40046e+01 18.25452
14  275 1500 5.40046e+01 16.49191
15  275 1500 5.40046e+01 17.00077
16  275 1500 5.40046e+01 17.23967
17  275 1500 5.40046e+01 16.65936
18  275 1500 5.40046e+01 16.78642
19  275 1500 5.40046e+01 17.09669
20  275 1500 5.40046e+01 16.06255
21  275 1500 5.40046e+01 15.92137
22  275 1500 5.40046e+01 16.85203
23  275 1500 5.40046e+01 15.57823
24  275 1500 5.40046e+01 17.77530
