1  55 200000 0.00000e+00 84.30370
2  55 200000 0.00000e+00 43.89664
3  55 200000 0.00000e+00 30.12132
4  55 200000 0.00000e+00 23.06555
5  55 200000 0.00000e+00 17.98864
6  55 200000 0.00000e+00 16.60155
7  55 200000 0.00000e+00 14.01922
8  55 200000 0.00000e+00 12.62058
9  55 200000 0.00000e+00 12.31452
10  55 200000 0.00000e+00 10.72954
11  55 200000 0.00000e+00 9.36487
12  55 200000 0.00000e+00 9.10797
13  55 200000 0.00000e+00 9.18907
14  55 200000 0.00000e+00 8.61410
15  55 200000 0.00000e+00 8.03917
16  55 200000 0.00000e+00 8.23401
17  55 200000 0.00000e+00 8.52665
18  55 200000 0.00000e+00 7.69027
19  55 200000 0.00000e+00 9.04042
20  55 200000 0.00000e+00 7.61595
21  55 200000 0.00000e+00 6.87063
22  55 200000 0.00000e+00 9.87130
23  55 200000 0.00000e+00 7.56244
24  55 200000 0.00000e+00 8.66858
