1  275 1500 7.18604e+01 197.09588
2  275 1500 7.18604e+01 168.43684
3  275 1500 7.18604e+01 115.82619
4  275 1500 7.18604e+01 64.67698
5  275 1500 7.18604e+01 53.25127
6  275 1500 7.18604e+01 42.83592
7  275 1500 7.18604e+01 37.08690
8  275 1500 7.18604e+01 32.69820
9  275 1500 7.18604e+01 31.17204
10  275 1500 7.18604e+01 31.52759
11  275 1500 7.18604e+01 27.53543
12  275 1500 7.18604e+01 22.16237
13  275 1500 7.18604e+01 27.55959
14  275 1500 7.18604e+01 20.32184
15  275 1500 7.18604e+01 20.25405
16  275 1500 7.18604e+01 24.50628
17  275 1500 7.18604e+01 21.33674
18  275 1500 7.18604e+01 21.44753
19  275 1500 7.18604e+01 20.00145
20  275 1500 7.18604e+01 17.59732
21  275 1500 7.18604e+01 19.02697
22  275 1500 7.18604e+01 21.96758
23  275 1500 7.18604e+01 17.34204
24  275 1500 7.18604e+01 20.19187
