1  275 1500 5.40046e+01 91.06650
2  275 1500 5.40046e+01 65.34970
3  275 1500 5.40046e+01 46.10665
4  275 1500 5.40046e+01 34.89331
5  275 1500 5.40046e+01 29.78834
6  275 1500 5.40046e+01 27.21806
7  275 1500 5.40046e+01 29.38357
8  275 1500 5.40046e+01 23.28923
9  275 1500 5.40046e+01 22.37410
10  275 1500 5.40046e+01 19.15508
11  275 1500 5.40046e+01 19.37279
12  275 1500 5.40046e+01 17.52903
13  275 1500 5.40046e+01 19.03207
14  275 1500 5.40046e+01 21.27935
15  275 1500 5.40046e+01 19.24826
16  275 1500 5.40046e+01 16.59261
17  275 1500 5.40046e+01 20.85886
18  275 1500 5.40046e+01 22.19162
19  275 1500 5.40046e+01 18.11363
20  275 1500 5.40046e+01 21.05755
21  275 1500 5.40046e+01 19.39704
22  275 1500 5.40046e+01 17.73440
23  275 1500 5.40046e+01 18.11306
24  275 1500 5.40046e+01 16.15423
