1  385 600 6.21579e+02 213.70456
2  385 600 6.21579e+02 170.09733
3  385 600 6.21579e+02 115.69864
4  385 600 6.21579e+02 74.45183
5  385 600 6.21579e+02 59.69860
6  385 600 6.21579e+02 49.61841
7  385 600 6.21579e+02 42.57361
8  385 600 6.21579e+02 36.02057
9  385 600 6.21579e+02 33.04157
10  385 600 6.21579e+02 29.37186
11  385 600 6.21579e+02 26.65474
12  385 600 6.21579e+02 27.85078
13  385 600 6.21579e+02 24.36915
14  385 600 6.21579e+02 23.69132
15  385 600 6.21579e+02 22.61479
16  385 600 6.21579e+02 21.54806
17  385 600 6.21579e+02 23.55704
18  385 600 6.21579e+02 21.48394
19  385 600 6.21579e+02 21.85187
20  385 600 6.21579e+02 21.00965
21  385 600 6.21579e+02 19.53268
22  385 600 6.21579e+02 21.55529
23  385 600 6.21579e+02 19.05370
24  385 600 6.21579e+02 20.65006
