1  495 10 3.61516e+05 3.64816
2  495 10 3.61516e+05 2.45820
3  495 10 3.61516e+05 1.66090
4  495 10 3.61516e+05 1.30535
5  495 10 3.61516e+05 1.10085
6  495 10 3.61516e+05 1.09468
7  495 10 3.61516e+05 1.00584
8  495 10 3.61516e+05 1.00900
9  495 10 3.61516e+05 0.97807
10  495 10 3.61516e+05 0.98311
11  495 10 3.61516e+05 0.93095
12  495 10 3.61516e+05 0.92943
13  495 10 3.61516e+05 0.96912
14  495 10 3.61516e+05 0.93656
15  495 10 3.61516e+05 0.93594
16  495 10 3.61516e+05 1.01202
17  495 10 3.61516e+05 1.00483
18  495 10 3.61516e+05 0.98472
19  495 10 3.61516e+05 1.02554
20  495 10 3.61516e+05 1.03946
21  495 10 3.61516e+05 1.03070
22  495 10 3.61516e+05 1.02426
23  495 10 3.61516e+05 1.05134
24  495 10 3.61516e+05 1.08057
