155 6969 9.98433e-09 3.01132
255 6969 9.98433e-09 2.29547
355 6969 9.98433e-09 1.59365
455 6969 9.98433e-09 1.18365
555 6969 9.98433e-09 0.96196
655 6969 9.98433e-09 0.82629
755 6969 9.98433e-09 0.71375
855 6969 9.98433e-09 0.62074
955 6969 9.98433e-09 0.55499
1055 6969 9.98433e-09 0.50042
1155 6969 9.98433e-09 0.41604
1255 6969 9.98433e-09 0.50065
1355 6969 9.98433e-09 0.46005
1455 6969 9.98433e-09 0.60363
1555 6969 9.98433e-09 0.62836
1655 6969 9.98433e-09 0.74697
1755 6969 9.98433e-09 0.77729
1855 6969 9.98433e-09 0.80867
1955 6969 9.98433e-09 0.77328
2055 6969 9.98433e-09 0.77555
2155 6969 9.98433e-09 0.75858
2255 6969 9.98433e-09 0.76389
2355 6969 9.98433e-09 0.75169
2455 6969 9.98433e-09 0.75405
