1  55 200000 0.00000e+00 253.38897
2  55 200000 0.00000e+00 278.95555
3  55 200000 0.00000e+00 211.82793
4  55 200000 0.00000e+00 122.57564
5  55 200000 0.00000e+00 121.27465
6  55 200000 0.00000e+00 101.13157
7  55 200000 0.00000e+00 98.67243
8  55 200000 0.00000e+00 84.97618
9  55 200000 0.00000e+00 73.10694
10  55 200000 0.00000e+00 57.17730
11  55 200000 0.00000e+00 59.87491
12  55 200000 0.00000e+00 63.12537
13  55 200000 0.00000e+00 57.74199
14  55 200000 0.00000e+00 53.74264
15  55 200000 0.00000e+00 54.01017
16  55 200000 0.00000e+00 52.48097
17  55 200000 0.00000e+00 48.23321
18  55 200000 0.00000e+00 42.90651
19  55 200000 0.00000e+00 43.87332
20  55 200000 0.00000e+00 46.91839
21  55 200000 0.00000e+00 42.11232
22  55 200000 0.00000e+00 44.04032
23  55 200000 0.00000e+00 41.93001
24  55 200000 0.00000e+00 45.00552
