1  385 600 4.48099e+02 100.00930
2  385 600 4.48099e+02 72.45804
3  385 600 4.48099e+02 55.63487
4  385 600 4.48099e+02 38.28033
5  385 600 4.48099e+02 32.10616
6  385 600 4.48099e+02 26.85959
7  385 600 4.48099e+02 24.80201
8  385 600 4.48099e+02 23.66142
9  385 600 4.48099e+02 22.48493
10  385 600 4.48099e+02 24.84508
11  385 600 4.48099e+02 19.51968
12  385 600 4.48099e+02 19.09178
13  385 600 4.48099e+02 20.01182
14  385 600 4.48099e+02 18.10302
15  385 600 4.48099e+02 17.78630
16  385 600 4.48099e+02 20.14831
17  385 600 4.48099e+02 23.08635
18  385 600 4.48099e+02 23.40886
19  385 600 4.48099e+02 21.68467
20  385 600 4.48099e+02 19.41998
21  385 600 4.48099e+02 17.98917
22  385 600 4.48099e+02 20.08991
23  385 600 4.48099e+02 18.23092
24  385 600 4.48099e+02 17.59472
