1  385 600 6.21579e+02 213.68730
2  385 600 6.21579e+02 169.48578
3  385 600 6.21579e+02 115.68183
4  385 600 6.21579e+02 84.00721
5  385 600 6.21579e+02 73.77220
6  385 600 6.21579e+02 54.60679
7  385 600 6.21579e+02 52.03467
8  385 600 6.21579e+02 44.51075
9  385 600 6.21579e+02 40.11315
10  385 600 6.21579e+02 31.37866
11  385 600 6.21579e+02 32.74700
12  385 600 6.21579e+02 26.88476
13  385 600 6.21579e+02 24.95470
14  385 600 6.21579e+02 21.63567
15  385 600 6.21579e+02 23.29615
16  385 600 6.21579e+02 21.31780
17  385 600 6.21579e+02 19.21100
18  385 600 6.21579e+02 20.15823
19  385 600 6.21579e+02 20.70863
20  385 600 6.21579e+02 21.77081
21  385 600 6.21579e+02 17.67280
22  385 600 6.21579e+02 17.52788
23  385 600 6.21579e+02 16.08692
24  385 600 6.21579e+02 18.97757
