1  275 1500 5.40046e+01 91.26127
2  275 1500 5.40046e+01 65.23199
3  275 1500 5.40046e+01 45.83134
4  275 1500 5.40046e+01 35.39571
5  275 1500 5.40046e+01 31.72642
6  275 1500 5.40046e+01 27.17405
7  275 1500 5.40046e+01 24.20903
8  275 1500 5.40046e+01 22.58071
9  275 1500 5.40046e+01 21.23336
10  275 1500 5.40046e+01 22.15313
11  275 1500 5.40046e+01 19.05150
12  275 1500 5.40046e+01 17.68784
13  275 1500 5.40046e+01 22.96794
14  275 1500 5.40046e+01 22.97502
15  275 1500 5.40046e+01 19.81824
16  275 1500 5.40046e+01 21.80270
17  275 1500 5.40046e+01 17.68795
18  275 1500 5.40046e+01 22.28844
19  275 1500 5.40046e+01 19.79524
20  275 1500 5.40046e+01 15.94027
21  275 1500 5.40046e+01 20.92524
22  275 1500 5.40046e+01 17.23696
23  275 1500 5.40046e+01 19.15939
24  275 1500 5.40046e+01 19.42621
