1  165 10000 3.53715e-02 293.76903
2  165 10000 3.53715e-02 292.62590
3  165 10000 3.53715e-02 185.96218
4  165 10000 3.53715e-02 99.64089
5  165 10000 3.53715e-02 94.34842
6  165 10000 3.53715e-02 66.61222
7  165 10000 3.53715e-02 58.63983
8  165 10000 3.53715e-02 57.92694
9  165 10000 3.53715e-02 60.74370
10  165 10000 3.53715e-02 39.81496
11  165 10000 3.53715e-02 45.88658
12  165 10000 3.53715e-02 51.62403
13  165 10000 3.53715e-02 47.09335
14  165 10000 3.53715e-02 42.65990
15  165 10000 3.53715e-02 38.38227
16  165 10000 3.53715e-02 37.31082
17  165 10000 3.53715e-02 33.87759
18  165 10000 3.53715e-02 31.25452
19  165 10000 3.53715e-02 28.32581
20  165 10000 3.53715e-02 33.70110
21  165 10000 3.53715e-02 32.24467
22  165 10000 3.53715e-02 31.20016
23  