1  165 8000 6.56682e-01 108.75175
2  165 8000 6.56682e-01 77.19607
3  165 8000 6.56682e-01 54.49302
4  165 8000 6.56682e-01 43.05736
5  165 8000 6.56682e-01 36.16995
6  165 8000 6.56682e-01 31.08733
7  165 8000 6.56682e-01 32.06308
8  165 8000 6.56682e-01 25.50690
9  165 8000 6.56682e-01 27.74240
10  165 8000 6.56682e-01 23.30760
11  165 8000 6.56682e-01 27.26610
12  165 8000 6.56682e-01 27.26669
13  165 8000 6.56682e-01 24.14694
14  165 8000 6.56682e-01 25.39185
15  165 8000 6.56682e-01 23.36614
16  165 8000 6.56682e-01 21.71530
17  165 8000 6.56682e-01 24.63608
18  165 8000 6.56682e-01 21.71117
19  165 8000 6.56682e-01 22.44420
20  165 8000 6.56682e-01 25.72385
21  165 8000 6.56682e-01 28.32593
22  165 8000 6.56682e-01 22.34555
23  165 8000 6.56682e-01 26.18706
24  165 8000 6.56682e-01 21.71521
