1  275 1500 5.40046e+01 89.96177
2  275 1500 5.40046e+01 46.31099
3  275 1500 5.40046e+01 32.03662
4  275 1500 5.40046e+01 24.50707
5  275 1500 5.40046e+01 20.21070
6  275 1500 5.40046e+01 17.40924
7  275 1500 5.40046e+01 15.41043
8  275 1500 5.40046e+01 14.22623
9  275 1500 5.40046e+01 13.44084
10  275 1500 5.40046e+01 12.53250
11  275 1500 5.40046e+01 12.73325
12  275 1500 5.40046e+01 12.19428
13  275 1500 5.40046e+01 12.32453
14  275 1500 5.40046e+01 11.98943
15  275 1500 5.40046e+01 12.40566
16  275 1500 5.40046e+01 14.39036
17  275 1500 5.40046e+01 12.00040
18  275 1500 5.40046e+01 11.88979
19  275 1500 5.40046e+01 12.04532
20  275 1500 5.40046e+01 12.04408
21  275 1500 5.40046e+01 12.59546
22  275 1500 5.40046e+01 12.94021
23  275 1500 5.40046e+01 13.36695
24  275 1500 5.40046e+01 13.26998
