1  165 8000 6.56682e-01 109.01560
2  165 8000 6.56682e-01 77.67540
3  165 8000 6.56682e-01 52.37757
4  165 8000 6.56682e-01 44.06796
5  165 8000 6.56682e-01 37.52357
6  165 8000 6.56682e-01 33.17949
7  165 8000 6.56682e-01 29.36294
8  165 8000 6.56682e-01 26.38503
9  165 8000 6.56682e-01 24.87986
10  165 8000 6.56682e-01 23.73515
11  165 8000 6.56682e-01 23.17176
12  165 8000 6.56682e-01 22.36627
13  165 8000 6.56682e-01 22.17678
14  165 8000 6.56682e-01 22.92024
15  165 8000 6.56682e-01 21.66008
16  165 8000 6.56682e-01 20.52457
17  165 8000 6.56682e-01 20.95180
18  165 8000 6.56682e-01 21.34816
19  165 8000 6.56682e-01 20.11170
20  165 8000 6.56682e-01 20.21486
21  165 8000 6.56682e-01 20.16425
22  165 8000 6.56682e-01 19.24589
23  165 8000 6.56682e-01 18.87732
24  165 8000 6.56682e-01 22.16233
