1  55 200000 0.00000e+00 253.93280
2  55 200000 0.00000e+00 280.99821
3  55 200000 0.00000e+00 207.97108
4  55 200000 0.00000e+00 119.85072
5  55 200000 0.00000e+00 120.75188
6  55 200000 0.00000e+00 91.74172
7  55 200000 0.00000e+00 92.49375
8  55 200000 0.00000e+00 83.09903
9  55 200000 0.00000e+00 64.81257
10  55 200000 0.00000e+00 69.33066
11  55 200000 0.00000e+00 59.52245
12  55 200000 0.00000e+00 61.27937
13  55 200000 0.00000e+00 55.17571
14  55 200000 0.00000e+00 54.74636
15  55 200000 0.00000e+00 46.90066
16  55 200000 0.00000e+00 51.49466
17  55 200000 0.00000e+00 49.81134
18  55 200000 0.00000e+00 43.99959
19  55 200000 0.00000e+00 44.23083
20  55 200000 0.00000e+00 44.99839
21  55 200000 0.00000e+00 44.43386
22  55 200000 0.00000e+00 43.08764
23  55 200000 0.00000e+00 41.88537
24  55 200000 0.00000e+00 42.13323
