1  165 8000 6.56682e-01 108.48189
2  165 8000 6.56682e-01 55.14190
3  165 8000 6.56682e-01 38.53593
4  165 8000 6.56682e-01 29.36190
5  165 8000 6.56682e-01 25.05759
6  165 8000 6.56682e-01 21.96560
7  165 8000 6.56682e-01 18.75293
8  165 8000 6.56682e-01 17.10571
9  165 8000 6.56682e-01 16.77166
10  165 8000 6.56682e-01 14.88769
11  165 8000 6.56682e-01 14.33692
12  165 8000 6.56682e-01 13.20262
13  165 8000 6.56682e-01 13.49812
14  165 8000 6.56682e-01 13.38984
15  165 8000 6.56682e-01 13.24410
16  165 8000 6.56682e-01 12.89189
17  165 8000 6.56682e-01 12.32903
18  165 8000 6.56682e-01 13.54252
19  165 8000 6.56682e-01 13.09447
20  165 8000 6.56682e-01 12.93748
21  165 8000 6.56682e-01 12.89539
22  165 8000 6.56682e-01 12.41686
23  165 8000 6.56682e-01 12.53876
24  165 8000 6.56682e-01 12.32315
