1  55 200000 0.00000e+00 85.30147
2  55 200000 0.00000e+00 66.53399
3  55 200000 0.00000e+00 48.14426
4  55 200000 0.00000e+00 36.62995
5  55 200000 0.00000e+00 29.96498
6  55 200000 0.00000e+00 25.70977
7  55 200000 0.00000e+00 23.49104
8  55 200000 0.00000e+00 21.45775
9  55 200000 0.00000e+00 20.16430
10  55 200000 0.00000e+00 19.69003
11  55 200000 0.00000e+00 20.06181
12  55 200000 0.00000e+00 11.88581
13  55 200000 0.00000e+00 18.85723
14  55 200000 0.00000e+00 18.15964
15  55 200000 0.00000e+00 17.48665
16  55 200000 0.00000e+00 17.41707
17  55 200000 0.00000e+00 17.04180
18  55 200000 0.00000e+00 17.42403
19  55 200000 0.00000e+00 18.32722
20  55 200000 0.00000e+00 17.80132
21  55 200000 0.00000e+00 17.37048
22  55 200000 0.00000e+00 19.21256
23  55 200000 0.00000e+00 18.55385
24  55 200000 0.00000e+00 17.92454
