1  385 600 4.48099e+02 100.78562
2  385 600 4.48099e+02 51.74700
3  385 600 4.48099e+02 36.82158
4  385 600 4.48099e+02 27.38060
5  385 600 4.48099e+02 24.44352
6  385 600 4.48099e+02 20.31124
7  385 600 4.48099e+02 19.27690
8  385 600 4.48099e+02 17.57635
9  385 600 4.48099e+02 17.95160
10  385 600 4.48099e+02 17.77117
11  385 600 4.48099e+02 16.28018
12  385 600 4.48099e+02 15.71049
13  385 600 4.48099e+02 15.69647
14  385 600 4.48099e+02 15.36929
15  385 600 4.48099e+02 16.42001
16  385 600 4.48099e+02 15.08115
17  385 600 4.48099e+02 15.77936
18  385 600 4.48099e+02 15.21872
19  385 600 4.48099e+02 15.95562
20  385 600 4.48099e+02 16.46267
21  385 600 4.48099e+02 16.03079
22  385 600 4.48099e+02 15.90025
23  385 600 4.48099e+02 16.09955
24  385 600 4.48099e+02 16.05848
