1  165 8000 1.48242e-01 235.61260
2  165 8000 1.48242e-01 205.05157
3  165 8000 1.48242e-01 108.42540
4  165 8000 1.48242e-01 81.90718
5  165 8000 1.48242e-01 63.96815
6  165 8000 1.48242e-01 56.94231
7  165 8000 1.48242e-01 49.75998
8  165 8000 1.48242e-01 39.86717
9  165 8000 1.48242e-01 36.49833
10  165 8000 1.48242e-01 31.82466
11  165 8000 1.48242e-01 30.42340
12  165 8000 1.48242e-01 41.97399
13  165 8000 1.48242e-01 35.91783
14  165 8000 1.48242e-01 36.16413
15  165 8000 1.48242e-01 30.77716
16  165 8000 1.48242e-01 28.51155
17  165 8000 1.48242e-01 32.72307
18  165 8000 1.48242e-01 29.71945
19  165 8000 1.48242e-01 27.26878
20  165 8000 1.48242e-01 27.30261
21  165 8000 1.48242e-01 27.27027
22  165 8000 1.48242e-01 23.63663
23  165 8000 1.48242e-01 26.64448
24  165 8000 1.48242e-01 25.22795
