1  55 200000 0.00000e+00 253.95799
2  55 200000 0.00000e+00 281.30231
3  55 200000 0.00000e+00 211.11951
4  55 200000 0.00000e+00 121.09152
5  55 200000 0.00000e+00 122.17728
6  55 200000 0.00000e+00 94.97819
7  55 200000 0.00000e+00 90.58722
8  55 200000 0.00000e+00 78.32673
9  55 200000 0.00000e+00 73.16240
10  55 200000 0.00000e+00 59.38193
11  55 200000 0.00000e+00 59.99036
12  55 200000 0.00000e+00 58.22208
13  55 200000 0.00000e+00 49.57393
14  55 200000 0.00000e+00 44.93385
15  55 200000 0.00000e+00 44.40686
16  55 200000 0.00000e+00 39.35772
17  55 200000 0.00000e+00 39.93999
18  55 200000 0.00000e+00 38.89441
19  55 200000 0.00000e+00 36.92026
20  55 200000 0.00000e+00 34.05946
21  55 200000 0.00000e+00 36.28801
22  55 200000 0.00000e+00 31.31928
23  55 200000 0.00000e+00 29.69628
24  55 200000 0.00000e+00 30.62081
