1  165 8000 6.56682e-01 109.02173
2  165 8000 6.56682e-01 57.00795
3  165 8000 6.56682e-01 40.19439
4  165 8000 6.56682e-01 31.62301
5  165 8000 6.56682e-01 27.01324
6  165 8000 6.56682e-01 24.62586
7  165 8000 6.56682e-01 23.00535
8  165 8000 6.56682e-01 21.86089
9  165 8000 6.56682e-01 21.71201
10  165 8000 6.56682e-01 20.93963
11  165 8000 6.56682e-01 20.59436
12  165 8000 6.56682e-01 20.86410
13  165 8000 6.56682e-01 18.99408
14  165 8000 6.56682e-01 17.62783
15  165 8000 6.56682e-01 16.71085
16  165 8000 6.56682e-01 15.64510
17  165 8000 6.56682e-01 15.18811
18  165 8000 6.56682e-01 14.10318
19  165 8000 6.56682e-01 13.27087
20  165 8000 6.56682e-01 13.03831
21  165 8000 6.56682e-01 12.35965
22  165 8000 6.56682e-01 12.75259
23  165 8000 6.56682e-01 11.39873
24  165 8000 6.56682e-01 11.08818
