1  165 8000 1.48242e-01 235.42764
2  165 8000 1.48242e-01 223.87467
3  165 8000 1.48242e-01 109.31769
4  165 8000 1.48242e-01 81.39320
5  165 8000 1.48242e-01 63.26609
6  165 8000 1.48242e-01 51.80410
7  165 8000 1.48242e-01 44.81436
8  165 8000 1.48242e-01 39.36593
9  165 8000 1.48242e-01 38.83141
10  165 8000 1.48242e-01 31.55205
11  165 8000 1.48242e-01 28.31124
12  165 8000 1.48242e-01 26.72693
13  165 8000 1.48242e-01 24.62169
14  165 8000 1.48242e-01 23.34909
15  165 8000 1.48242e-01 22.05711
16  165 8000 1.48242e-01 21.30683
17  165 8000 1.48242e-01 19.44547
18  165 8000 1.48242e-01 18.82460
19  165 8000 1.48242e-01 17.30241
20  165 8000 1.48242e-01 17.26501
21  165 8000 1.48242e-01 15.90820
22  165 8000 1.48242e-01 15.51571
23  165 8000 1.48242e-01 14.55351
24  165 8000 1.48242e-01 13.96001
