1  275 1500 5.40046e+01 90.76166
2  275 1500 5.40046e+01 63.19765
3  275 1500 5.40046e+01 47.01133
4  275 1500 5.40046e+01 33.89214
5  275 1500 5.40046e+01 28.39774
6  275 1500 5.40046e+01 23.00575
7  275 1500 5.40046e+01 23.11236
8  275 1500 5.40046e+01 18.21441
9  275 1500 5.40046e+01 17.83367
10  275 1500 5.40046e+01 15.68559
11  275 1500 5.40046e+01 15.51786
12  275 1500 5.40046e+01 14.63191
13  275 1500 5.40046e+01 12.92041
14  275 1500 5.40046e+01 12.39620
15  275 1500 5.40046e+01 11.95516
16  275 1500 5.40046e+01 11.53955
17  275 1500 5.40046e+01 11.41879
18  275 1500 5.40046e+01 10.99976
19  275 1500 5.40046e+01 10.87770
20  275 1500 5.40046e+01 10.63997
21  275 1500 5.40046e+01 10.43894
22  275 1500 5.40046e+01 10.66321
23  275 1500 5.40046e+01 10.30027
24  275 1500 5.40046e+01 10.37751
