1  385 600 4.48099e+02 101.00569
2  385 600 4.48099e+02 71.98286
3  385 600 4.48099e+02 54.24315
4  385 600 4.48099e+02 36.35592
5  385 600 4.48099e+02 29.31165
6  385 600 4.48099e+02 24.46665
7  385 600 4.48099e+02 21.86570
8  385 600 4.48099e+02 18.77722
9  385 600 4.48099e+02 16.98857
10  385 600 4.48099e+02 16.55751
11  385 600 4.48099e+02 15.00923
12  385 600 4.48099e+02 14.34110
13  385 600 4.48099e+02 13.74362
14  385 600 4.48099e+02 12.72715
15  385 600 4.48099e+02 12.71772
16  385 600 4.48099e+02 13.27314
17  385 600 4.48099e+02 11.77305
18  385 600 4.48099e+02 12.19877
19  385 600 4.48099e+02 12.02340
20  385 600 4.48099e+02 11.64337
21  385 600 4.48099e+02 10.95669
22  385 600 4.48099e+02 11.25395
23  385 600 4.48099e+02 11.14221
24  385 600 4.48099e+02 11.44348
