1  385 600 4.48099e+02 100.87091
2  385 600 4.48099e+02 50.73833
3  385 600 4.48099e+02 35.47255
4  385 600 4.48099e+02 26.69817
5  385 600 4.48099e+02 22.88216
6  385 600 4.48099e+02 19.23866
7  385 600 4.48099e+02 18.15141
8  385 600 4.48099e+02 16.21897
9  385 600 4.48099e+02 16.05437
10  385 600 4.48099e+02 16.43895
11  385 600 4.48099e+02 15.06181
12  385 600 4.48099e+02 14.06962
13  385 600 4.48099e+02 14.45048
14  385 600 4.48099e+02 15.38490
15  385 600 4.48099e+02 15.94015
16  385 600 4.48099e+02 16.65647
17  385 600 4.48099e+02 17.25068
18  385 600 4.48099e+02 17.81972
19  385 600 4.48099e+02 16.72037
20  385 600 4.48099e+02 15.86519
21  385 600 4.48099e+02 14.91396
22  385 600 4.48099e+02 14.38801
23  385 600 4.48099e+02 13.73652
24  385 600 4.48099e+02 13.71133
