1  55 200000 0.00000e+00 85.36412
2  55 200000 0.00000e+00 44.78238
3  55 200000 0.00000e+00 29.62294
4  55 200000 0.00000e+00 23.04181
5  55 200000 0.00000e+00 17.47442
6  55 200000 0.00000e+00 15.94564
7  55 200000 0.00000e+00 13.32272
8  55 200000 0.00000e+00 11.64163
9  55 200000 0.00000e+00 11.44629
10  55 200000 0.00000e+00 10.32384
11  55 200000 0.00000e+00 8.45692
12  55 200000 0.00000e+00 8.90603
13  55 200000 0.00000e+00 8.59019
14  55 200000 0.00000e+00 7.54251
15  55 200000 0.00000e+00 7.38521
16  55 200000 0.00000e+00 7.35741
17  55 200000 0.00000e+00 7.91880
18  55 200000 0.00000e+00 7.79730
19  55 200000 0.00000e+00 6.55919
20  55 200000 0.00000e+00 6.28051
21  55 200000 0.00000e+00 6.32271
22  55 200000 0.00000e+00 6.30337
23  55 200000 0.00000e+00 6.39339
24  55 200000 0.00000e+00 6.27831
