1  275 1500 5.40046e+01 91.12186
2  275 1500 5.40046e+01 46.05755
3  275 1500 5.40046e+01 32.03196
4  275 1500 5.40046e+01 23.99916
5  275 1500 5.40046e+01 20.18503
6  275 1500 5.40046e+01 16.76910
7  275 1500 5.40046e+01 14.93947
8  275 1500 5.40046e+01 13.47322
9  275 1500 5.40046e+01 13.01042
10  275 1500 5.40046e+01 12.88799
11  275 1500 5.40046e+01 11.74597
12  275 1500 5.40046e+01 10.94127
13  275 1500 5.40046e+01 11.20064
14  275 1500 5.40046e+01 11.84288
15  275 1500 5.40046e+01 12.33936
16  275 1500 5.40046e+01 13.06564
17  275 1500 5.40046e+01 14.05536
18  275 1500 5.40046e+01 14.80617
19  275 1500 5.40046e+01 14.03642
20  275 1500 5.40046e+01 13.30003
21  275 1500 5.40046e+01 12.89050
22  275 1500 5.40046e+01 12.07120
23  275 1500 5.40046e+01 11.63329
24  275 1500 5.40046e+01 11.63125
