1  165 8000 6.56682e-01 109.59541
2  165 8000 6.56682e-01 77.12722
3  165 8000 6.56682e-01 54.98669
4  165 8000 6.56682e-01 42.10802
5  165 8000 6.56682e-01 35.35138
6  165 8000 6.56682e-01 29.96488
7  165 8000 6.56682e-01 27.20491
8  165 8000 6.56682e-01 24.40549
9  165 8000 6.56682e-01 23.23707
10  165 8000 6.56682e-01 22.01819
11  165 8000 6.56682e-01 20.77448
12  165 8000 6.56682e-01 19.87174
13  165 8000 6.56682e-01 20.60678
14  165 8000 6.56682e-01 19.95303
15  165 8000 6.56682e-01 19.57066
16  165 8000 6.56682e-01 18.58676
17  165 8000 6.56682e-01 16.36544
18  165 8000 6.56682e-01 18.80629
19  165 8000 6.56682e-01 14.84290
20  165 8000 6.56682e-01 15.46382
21  165 8000 6.56682e-01 15.41134
22  165 8000 6.56682e-01 15.27009
23  165 8000 6.56682e-01 14.59914
24  165 8000 6.56682e-01 14.24629
