1  385 600 6.21579e+02 213.76194
2  385 600 6.21579e+02 156.11848
3  385 600 6.21579e+02 114.11669
4  385 600 6.21579e+02 71.26704
5  385 600 6.21579e+02 57.64015
6  385 600 6.21579e+02 47.66311
7  385 600 6.21579e+02 41.42315
8  385 600 6.21579e+02 35.86702
9  385 600 6.21579e+02 32.02820
10  385 600 6.21579e+02 29.06607
11  385 600 6.21579e+02 26.17629
12  385 600 6.21579e+02 24.55111
13  385 600 6.21579e+02 22.59403
14  385 600 6.21579e+02 21.06901
15  385 600 6.21579e+02 19.61770
16  385 600 6.21579e+02 18.41778
17  385 600 6.21579e+02 17.78239
18  385 600 6.21579e+02 16.99434
19  385 600 6.21579e+02 15.69690
20  385 600 6.21579e+02 14.92887
21  385 600 6.21579e+02 14.06837
22  385 600 6.21579e+02 14.08386
23  385 600 6.21579e+02 13.20948
24  385 600 6.21579e+02 12.86931
