1  385 600 6.21579e+02 213.95907
2  385 600 6.21579e+02 106.62849
3  385 600 6.21579e+02 71.78798
4  385 600 6.21579e+02 53.91856
5  385 600 6.21579e+02 42.93124
6  385 600 6.21579e+02 36.21649
7  385 600 6.21579e+02 30.80176
8  385 600 6.21579e+02 27.42992
9  385 600 6.21579e+02 24.22222
10  385 600 6.21579e+02 21.97946
11  385 600 6.21579e+02 19.88421
12  385 600 6.21579e+02 18.84328
13  385 600 6.21579e+02 23.41561
14  385 600 6.21579e+02 21.44638
15  385 600 6.21579e+02 19.77468
16  385 600 6.21579e+02 19.06763
17  385 600 6.21579e+02 17.62315
18  