1  55 200000 0.00000e+00 85.15666
2  55 200000 0.00000e+00 67.11473
3  55 200000 0.00000e+00 50.20178
4  55 200000 0.00000e+00 40.31202
5  55 200000 0.00000e+00 34.92550
6  55 200000 0.00000e+00 25.13967
7  55 200000 0.00000e+00 26.21561
8  55 200000 0.00000e+00 21.36815
9  55 200000 0.00000e+00 21.02259
10  55 200000 0.00000e+00 18.67104
11  55 200000 0.00000e+00 17.91810
12  55 200000 0.00000e+00 15.56037
13  55 200000 0.00000e+00 14.23978
14  55 200000 0.00000e+00 13.40843
15  55 200000 0.00000e+00 13.48643
16  55 200000 0.00000e+00 10.69878
17  55 200000 0.00000e+00 11.59594
18  55 200000 0.00000e+00 10.94727
19  55 200000 0.00000e+00 10.81117
20  55 200000 0.00000e+00 10.53031
21  55 200000 0.00000e+00 10.69167
22  55 200000 0.00000e+00 9.84950
23  55 200000 0.00000e+00 8.77675
24  55 200000 0.00000e+00 8.69893
