1  55 200000 0.00000e+00 254.05105
2  55 200000 0.00000e+00 125.83935
3  55 200000 0.00000e+00 88.73681
4  55 200000 0.00000e+00 67.08167
5  55 200000 0.00000e+00 53.92333
6  55 200000 0.00000e+00 46.44545
7  55 200000 0.00000e+00 40.41033
8  55 200000 0.00000e+00 35.69694
9  55 200000 0.00000e+00 32.81443
10  55 200000 0.00000e+00 30.92555
11  55 200000 0.00000e+00 27.15263
12  55 200000 0.00000e+00 26.95730
13  55 200000 0.00000e+00 49.70535
14  55 200000 0.00000e+00 39.16157
15  55 200000 0.00000e+00 36.90068
16  55 200000 0.00000e+00 36.32519
17  55 200000 0.00000e+00 36.22792
18  55 200000 0.00000e+00 34.67220
19  55 200000 0.00000e+00 32.28426
20  55 200000 0.00000e+00 33.29464
21  55 200000 0.00000e+00 33.23060
22  55 200000 0.00000e+00 29.94662
23  55 200000 0.00000e+00 27.98920
24  55 200000 0.00000e+00 29.82768
