1  275 1500 7.18604e+01 197.06901
2  275 1500 7.18604e+01 147.89739
3  275 1500 7.18604e+01 110.54004
4  275 1500 7.18604e+01 64.54059
5  275 1500 7.18604e+01 51.47461
6  275 1500 7.18604e+01 43.16868
7  275 1500 7.18604e+01 37.42131
8  275 1500 7.18604e+01 33.01520
9  275 1500 7.18604e+01 30.01034
10  275 1500 7.18604e+01 26.77295
11  275 1500 7.18604e+01 24.09754
12  275 1500 7.18604e+01 22.10792
13  275 1500 7.18604e+01 20.97351
14  275 1500 7.18604e+01 19.36247
15  275 1500 7.18604e+01 18.23134
16  275 1500 7.18604e+01 17.58037
17  275 1500 7.18604e+01 16.71330
18  275 1500 7.18604e+01 15.59979
19  275 1500 7.18604e+01 14.91233
20  275 1500 7.18604e+01 14.07910
21  275 1500 7.18604e+01 13.92329
22  275 1500 7.18604e+01 13.30137
23  275 1500 7.18604e+01 12.30249
24  275 1500 7.18604e+01 12.44605
