1  165 8000 1.48242e-01 235.47241
2  165 8000 1.48242e-01 118.74581
3  165 8000 1.48242e-01 79.26179
4  165 8000 1.48242e-01 60.61510
5  165 8000 1.48242e-01 48.00612
6  165 8000 1.48242e-01 40.63535
7  165 8000 1.48242e-01 34.97067
8  165 8000 1.48242e-01 30.92300
9  165 8000 1.48242e-01 27.86340
10  165 8000 1.48242e-01 25.17232
11  165 8000 1.48242e-01 22.65918
12  165 8000 1.48242e-01 21.29610
13  165 8000 1.48242e-01 27.50193
14  165 8000 1.48242e-01 24.74800
15  165 8000 1.48242e-01 29.93153
16  165 8000 1.48242e-01 28.69154
17  165 8000 1.48242e-01 24.57701
18  165 8000 1.48242e-01 23.82074
19  165 8000 1.48242e-01 21.34931
20  165 8000 1.48242e-01 19.60324
21  165 8000 1.48242e-01 16.66488
22  165 8000 1.48242e-01 15.68949
23  165 8000 1.48242e-01 15.22786
24  165 8000 1.48242e-01 13.96099
