1  275 1500 7.18604e+01 197.27854
2  275 1500 7.18604e+01 98.32810
3  275 1500 7.18604e+01 66.08719
4  275 1500 7.18604e+01 49.75699
5  275 1500 7.18604e+01 39.77863
6  275 1500 7.18604e+01 33.31174
7  275 1500 7.18604e+01 28.92500
8  275 1500 7.18604e+01 25.40824
9  275 1500 7.18604e+01 22.65279
10  275 1500 7.18604e+01 20.59170
11  275 1500 7.18604e+01 18.57698
12  275 1500 7.18604e+01 17.30800
13  275 1500 7.18604e+01 21.83905
14  275 1500 7.18604e+01 19.63011
15  275 1500 7.18604e+01 18.45431
16  275 1500 7.18604e+01 17.21515
17  275 1500 7.18604e+01 16.87042
18  275 1500 7.18604e+01 15.44047
19  275 1500 7.18604e+01 14.80838
20  275 1500 7.18604e+01 14.10699
21  275 1500 7.18604e+01 13.74942
22  275 1500 7.18604e+01 13.17881
23  275 1500 7.18604e+01 12.46756
24  275 1500 7.18604e+01 12.18389
