25 722 9.76669e-09 0.05861
32 1152 9.92643e-09 0.20933
39 1678 9.89627e-09 0.55934
46 2306 9.93180e-09 1.27171
53 3023 9.95202e-09 2.57010
60 3833 9.98802e-09 4.74898
67 4737 9.99768e-09 8.20938
74 5746 9.97490e-09 13.44387
81 6836 9.99965e-09 21.04708
88 8023 9.99533e-09 31.81484
95 9290 9.98920e-09 46.33267
102 10673 9.99059e-09 65.97802
109 12130 9.99351e-09 91.68643
116 13683 9.99675e-09 124.73955
123 15321 9.99875e-09 166.92748
130 17068 9.99996e-09 220.02906
137 18877 9.99145e-09 285.53477
144 20795 9.99078e-09 366.04118
