25 1357 9.97053e-09 0.05627
32 2163 9.98458e-09 0.19339
39 3146 9.95857e-09 0.47367
46 4320 9.97530e-09 1.12697
53 5658 9.97994e-09 2.17080
60 7169 9.98644e-09 4.10185
67 8854 9.98181e-09 6.64725
74 10733 9.99489e-09 11.55022
81 12763 9.99864e-09 16.80109
88 14972 9.99584e-09 29.91417
95 17327 9.99052e-09 36.45637
102 19901 9.99122e-09 54.78616
109 22609 9.99186e-09 74.86606
116 25495 9.99564e-09 112.23033
123 28537 9.99905e-09 151.22774
130 31784 9.99881e-09 219.81371
137 35139 9.99820e-09 274.46508
144 38700 9.99740e-09 347.05892
